0.00
3.66
11.06
8.47
72.11
19.53
16.89
10.29
4.65
98.14
14.00
92.19
14.72
101.99
89.04
9.37
8.93
15.15
11.70
14.59
6.22
17.05
19.50
32.25
45.16
4.08
12.46
29.31
11.15
8.90
88.82
83.05
9.21
94.78
9.70
14.96
104.55
11.71
14.06
84.86
8.62
27.57
9.55
10.54
5.21
15.14
8.10
6.85
12.64
28.50
81.66
4.74
5.62
13.80
12.70
12.41
18.89
10.95
6.37
3.97
10.89
8.62
18.62
37.21
11.10
22.58
10.06
15.62
6.24
8.81
17.84
84.56
4.29
85.02
28.15
15.77
12.28
7.04
12.58
10.19
2.96
5.62
105.54
14.22
18.56
74.05
10.50
9.92
16.48
13.61
26.97
12.87
20.48
7.69
7.00
14.19
16.12
25.87
12.58
28.68
69.56
13.34
7.17
12.12
87.72
90.95
4.11
7.97
13.54
94.24
11.61
98.35
4.85
17.23
99.96
5.79
24.19
8.16
17.33
10.39
16.24
8.02
33.29
110.54
14.02
12.76
84.17
3.96
86.76
