2599.10
2729.41
2726.20
2123.13
1744.17
1964.55
4622.61
2929.87
2808.98
2417.65
2608.31
2626.93
4163.02
3155.59
2467.82
2130.77
3377.20
3911.83
4070.84
2590.25
3261.90
4415.94
1308.37
1399.43
1634.01
2870.83
3172.49
3162.04
3715.61
2480.85
2077.95
2391.94
2957.63
2866.20
2521.40
3798.39
3156.75
3639.64
2885.30
2380.07
3409.80
3603.59
2803.26
3520.33
2226.94
4278.09
2427.31
2831.61
2542.06
1730.21
2222.06
2930.44
3414.54
4545.30
1529.54
3485.96
5050.67
2656.58
3709.76
2656.22
2732.63
2996.84
4708.67
3121.40
3583.00
2930.80
2558.26
4102.04
3533.84
2975.48
4411.30
2383.83
2551.20
2568.17
1429.87
3393.30
3188.96
3391.87
2522.46
2425.00
3082.36
3118.93
3351.02
3385.01
1477.85
1984.45
1659.91
2087.29
2564.70
4776.36
1861.83
3271.49
5150.22
2485.46
2857.93
3527.86
1594.19
1729.31
3788.51
1495.63
1728.07
2890.34
2563.20
2039.62
2187.01
2392.05
2482.73
3919.94
4176.54
3372.49
4276.79
2329.62
3233.47
3033.36
2362.28
2859.01
2563.35
3004.20
3243.21
3432.70
2840.21
3804.68
1479.57
3426.81
1837.40
2435.79
2883.69
2427.26
2367.88
