0.45
0.40
0.49
0.46
0.71
0.38
0.54
0.40
0.46
0.68
0.47
0.72
0.52
0.65
0.66
0.38
0.45
0.50
0.48
0.42
0.47
0.54
0.34
0.37
0.74
0.41
0.53
0.40
0.48
0.49
0.66
0.71
0.45
0.66
0.40
0.52
0.67
0.51
0.40
0.69
0.48
0.52
0.39
0.49
0.42
0.52
0.36
0.47
0.43
0.16
0.68
0.43
0.41
0.51
0.36
0.50
0.54
0.42
0.48
0.41
0.45
0.52
0.53
0.37
0.43
0.46
0.46
0.52
0.48
0.42
0.54
0.68
0.47
0.74
0.45
0.51
0.45
0.48
0.44
0.49
0.45
0.49
0.66
0.46
0.18
0.69
0.39
0.41
0.44
0.52
0.40
0.52
0.55
0.41
0.42
0.51
0.36
0.31
0.51
0.22
0.67
0.38
0.39
0.44
0.69
0.65
0.45
0.45
0.50
0.68
0.50
0.66
0.44
0.43
0.65
0.43
0.39
0.48
0.50
0.50
0.34
0.45
0.22
0.66
0.36
0.43
0.70
0.43
0.13
