0.050
0.073
0.077
0.082
0.066
0.152
0.253
0.146
0.075
0.112
0.121
0.145
0.260
0.168
0.154
0.102
0.101
0.293
0.092
0.219
0.051
0.221
0.080
0.119
0.074
0.055
0.244
0.286
0.248
0.066
0.118
0.116
0.094
0.171
0.146
0.274
0.203
0.047
0.135
0.146
0.174
0.469
0.162
0.220
0.066
0.101
0.106
0.051
0.136
0.186
0.161
0.104
0.071
0.216
0.078
0.068
0.248
0.129
0.033
0.071
0.129
0.161
0.324
0.322
0.137
0.362
0.194
0.245
0.107
0.115
0.307
0.151
0.105
0.144
0.383
0.320
0.198
0.034
0.222
0.088
0.093
0.123
0.185
0.271
0.068
0.089
0.093
0.085
0.270
0.176
0.321
0.308
0.232
0.076
0.103
0.069
0.098
0.202
0.265
0.165
0.099
0.169
0.067
0.101
0.121
0.154
0.046
0.133
0.100
0.190
0.176
0.122
0.059
0.243
0.151
0.110
0.264
0.057
0.123
0.208
0.074
0.119
0.184
0.211
0.057
0.207
0.167
0.061
0.134
